1,1,1,3.4
1,2,1,3.6
1,3,1,0.1
1,4,1,3.1
1,5,1,2.6
1,6,1,3.0
1,7,1,4.0
1,8,1,1.6
1,9,1,2.4
1,10,1,3.7
1,11,1,0.9
1,12,1,1.3
1,13,1,2.6
1,14,1,0.5
1,15,1,1.8
1,16,1,3.3
1,17,1,2.8
1,18,1,1.7
1,19,1,1.4
1,20,1,1.0
1,21,1,1.6
1,22,1,0.1
1,23,1,2.6
1,24,1,0.3
2,1,1,3.2
2,2,1,2.4
2,3,1,2.5
2,4,1,1.1
2,5,1,0.9
2,6,1,3.0
2,7,1,1.2
2,8,1,2.0
2,9,1,1.4
2,10,1,0.0
2,11,1,2.9
2,12,1,2.5
2,13,1,1.6
2,14,1,3.4
2,15,1,2.9
2,16,1,1.2
2,17,1,1.1
2,18,1,2.1
2,19,1,2.1
2,20,1,0.7
2,21,1,3.6
2,22,1,3.1
2,23,1,0.8
2,24,1,0.4
3,1,1,4.0
3,2,1,0.5
3,3,1,1.2
3,4,1,2.3
3,5,1,0.3
3,6,1,1.0
3,7,1,3.2
3,8,1,3.1
3,9,1,3.1
3,10,1,1.6
3,11,1,0.3
3,12,1,1.6
3,13,1,2.5
3,14,1,1.6
3,15,1,0.4
3,16,1,0.8
3,17,1,1.5
3,18,1,1.6
3,19,1,4.0
3,20,1,0.2
3,21,1,1.5
3,22,1,1.9
3,23,1,3.5
3,24,1,1.5
4,1,1,1.7
4,2,1,1.0
4,3,1,3.4
4,4,1,3.0
4,5,1,0.9
4,6,1,3.9
4,7,1,1.4
4,8,1,0.4
4,9,1,1.1
4,10,1,1.5
4,11,1,2.5
4,12,1,1.3
4,13,1,3.8
4,14,1,2.8
4,15,1,0.0
4,16,1,0.0
4,17,1,3.4
4,18,1,0.2
4,19,1,3.8
4,20,1,2.7
4,21,1,3.3
4,22,1,3.2
4,23,1,0.4
4,24,1,1.2
5,1,1,3.2
5,2,1,3.8
5,3,1,1.1
5,4,1,3.5
5,5,1,0.4
5,6,1,3.9
5,7,1,1.0
5,8,1,1.0
5,9,1,2.6
5,10,1,0.3
5,11,1,1.7
5,12,1,1.7
5,13,1,2.7
5,14,1,2.4
5,15,1,1.8
5,16,1,1.8
5,17,1,0.2
5,18,1,0.9
5,19,1,0.9
5,20,1,2.2
5,21,1,2.4
5,22,1,0.2
5,23,1,1.9
5,24,1,1.9
6,1,1,3.1
6,2,1,0.7
6,3,1,0.9
6,4,1,1.0
6,5,1,0.9
6,6,1,0.7
6,7,1,1.2
6,8,1,2.1
6,9,1,0.3
6,10,1,3.9
6,11,1,1.5
6,12,1,1.5
6,13,1,3.1
6,14,1,2.1
6,15,1,1.2
6,16,1,0.2
6,17,1,2.1
6,18,1,3.0
6,19,1,2.2
6,20,1,1.8
6,21,1,1.6
6,22,1,3.0
6,23,1,0.2
6,24,1,2.4
7,1,1,0.8
7,2,1,2.6
7,3,1,2.0
7,4,1,2.6
7,5,1,1.6
7,6,1,1.5
7,7,1,3.8
7,8,1,0.5
7,9,1,2.6
7,10,1,0.9
7,11,1,1.3
7,12,1,3.2
7,13,1,3.0
7,14,1,3.1
7,15,1,3.4
7,16,1,3.8
7,17,1,1.8
7,18,1,0.0
7,19,1,1.8
7,20,1,2.2
7,21,1,0.6
7,22,1,2.5
7,23,1,0.4
7,24,1,0.7
8,1,1,1.5
8,2,1,1.8
8,3,1,2.0
8,4,1,3.6
8,5,1,1.5
8,6,1,2.2
8,7,1,3.0
8,8,1,0.0
8,9,1,2.3
8,10,1,0.7
8,11,1,0.4
8,12,1,0.9
8,13,1,2.7
8,14,1,0.7
8,15,1,2.2
8,16,1,2.6
8,17,1,3.1
8,18,1,1.0
8,19,1,0.2
8,20,1,2.4
8,21,1,0.3
8,22,1,3.4
8,23,1,3.1
8,24,1,4.0
9,1,1,1.2
9,2,1,0.7
9,3,1,1.7
9,4,1,0.4
9,5,1,3.5
9,6,1,0.7
9,7,1,0.6
9,8,1,3.5
9,9,1,2.4
9,10,1,2.2
9,11,1,0.6
9,12,1,3.2
9,13,1,2.0
9,14,1,2.3
9,15,1,0.4
9,16,1,0.1
9,17,1,2.9
9,18,1,3.7
9,19,1,1.3
9,20,1,0.9
9,21,1,2.7
9,22,1,1.0
9,23,1,2.5
9,24,1,1.3
10,1,1,3.4
10,2,1,3.4
10,3,1,0.0
10,4,1,2.7
10,5,1,3.6
10,6,1,2.4
10,7,1,2.8
10,8,1,2.7
10,9,1,1.4
10,10,1,1.8
10,11,1,0.3
10,12,1,0.9
10,13,1,1.6
10,14,1,0.9
10,15,1,2.8
10,16,1,3.0
10,17,1,2.3
10,18,1,3.6
10,19,1,1.8
10,20,1,0.7
10,21,1,0.1
10,22,1,3.3
10,23,1,0.7
10,24,1,0.2
11,1,1,1.5
11,2,1,2.5
11,3,1,2.5
11,4,1,1.3
11,5,1,0.4
11,6,1,3.0
11,7,1,0.2
11,8,1,3.6
11,9,1,1.8
11,10,1,3.8
11,11,1,1.5
11,12,1,3.4
11,13,1,2.7
11,14,1,3.5
11,15,1,0.8
11,16,1,3.6
11,17,1,0.7
11,18,1,3.6
11,19,1,0.3
11,20,1,3.8
11,21,1,1.6
11,22,1,1.2
11,23,1,0.7
11,24,1,3.8
12,1,1,0.6
12,2,1,3.9
12,3,1,0.9
12,4,1,1.8
12,5,1,0.3
12,6,1,1.5
12,7,1,1.1
12,8,1,1.5
12,9,1,3.1
12,10,1,1.8
12,11,1,1.4
12,12,1,1.9
12,13,1,4.0
12,14,1,0.3
12,15,1,1.0
12,16,1,0.7
12,17,1,2.0
12,18,1,2.8
12,19,1,3.9
12,20,1,1.4
12,21,1,1.7
12,22,1,0.4
12,23,1,2.1
12,24,1,2.0
13,1,1,1.7
13,2,1,3.1
13,3,1,4.0
13,4,1,0.2
13,5,1,1.1
13,6,1,2.0
13,7,1,1.0
13,8,1,0.1
13,9,1,3.6
13,10,1,3.8
13,11,1,1.2
13,12,1,0.0
13,13,1,2.7
13,14,1,1.1
13,15,1,1.7
13,16,1,0.2
13,17,1,2.6
13,18,1,2.2
13,19,1,1.3
13,20,1,0.0
13,21,1,0.5
13,22,1,2.9
13,23,1,4.0
13,24,1,1.2
14,1,1,3.8
14,2,1,1.8
14,3,1,2.0
14,4,1,1.8
14,5,1,1.2
14,6,1,1.8
14,7,1,3.9
14,8,1,3.4
14,9,1,0.7
14,10,1,1.3
14,11,1,2.3
14,12,1,1.4
14,13,1,3.5
14,14,1,4.0
14,15,1,2.6
14,16,1,0.9
14,17,1,1.3
14,18,1,1.4
14,19,1,1.4
14,20,1,3.2
14,21,1,3.5
14,22,1,1.8
14,23,1,3.7
14,24,1,0.8
15,1,1,0.8
15,2,1,1.4
15,3,1,3.7
15,4,1,3.9
15,5,1,0.2
15,6,1,1.0
15,7,1,0.1
15,8,1,0.8
15,9,1,2.7
15,10,1,2.2
15,11,1,1.2
15,12,1,3.6
15,13,1,1.9
15,14,1,0.6
15,15,1,0.0
15,16,1,1.5
15,17,1,1.0
15,18,1,3.9
15,19,1,3.0
15,20,1,2.2
15,21,1,2.0
15,22,1,1.4
15,23,1,2.3
15,24,1,1.2
16,1,1,0.4
16,2,1,0.3
16,3,1,3.8
16,4,1,1.9
16,5,1,0.6
16,6,1,2.1
16,7,1,0.6
16,8,1,3.0
16,9,1,2.6
16,10,1,1.3
16,11,1,1.5
16,12,1,4.0
16,13,1,0.9
16,14,1,1.4
16,15,1,2.7
16,16,1,3.8
16,17,1,1.3
16,18,1,1.5
16,19,1,1.6
16,20,1,3.7
16,21,1,0.4
16,22,1,2.3
16,23,1,3.6
16,24,1,4.0
17,1,1,1.5
17,2,1,1.9
17,3,1,2.3
17,4,1,2.4
17,5,1,0.2
17,6,1,3.0
17,7,1,3.0
17,8,1,0.2
17,9,1,0.3
17,10,1,2.7
17,11,1,3.9
17,12,1,2.9
17,13,1,2.7
17,14,1,3.6
17,15,1,0.1
17,16,1,3.7
17,17,1,0.7
17,18,1,1.8
17,19,1,2.7
17,20,1,0.1
17,21,1,2.9
17,22,1,0.8
17,23,1,2.0
17,24,1,0.1
18,1,1,4.0
18,2,1,0.0
18,3,1,2.4
18,4,1,2.0
18,5,1,3.4
18,6,1,1.2
18,7,1,0.9
18,8,1,0.5
18,9,1,2.0
18,10,1,0.2
18,11,1,2.2
18,12,1,1.5
18,13,1,0.6
18,14,1,2.3
18,15,1,2.0
18,16,1,1.2
18,17,1,0.8
18,18,1,3.8
18,19,1,1.4
18,20,1,3.3
18,21,1,2.6
18,22,1,1.1
18,23,1,0.9
18,24,1,3.8
19,1,1,2.8
19,2,1,3.2
19,3,1,1.1
19,4,1,2.7
19,5,1,0.0
19,6,1,1.1
19,7,1,0.8
19,8,1,1.8
19,9,1,2.0
19,10,1,3.5
19,11,1,2.9
19,12,1,1.6
19,13,1,0.3
19,14,1,3.5
19,15,1,2.3
19,16,1,4.0
19,17,1,3.9
19,18,1,2.1
19,19,1,2.2
19,20,1,3.0
19,21,1,2.9
19,22,1,3.9
19,23,1,0.4
19,24,1,3.6
20,1,1,0.3
20,2,1,0.0
20,3,1,0.4
20,4,1,0.5
20,5,1,1.5
20,6,1,1.3
20,7,1,3.0
20,8,1,2.5
20,9,1,1.4
20,10,1,2.1
20,11,1,2.8
20,12,1,0.6
20,13,1,3.0
20,14,1,0.4
20,15,1,1.2
20,16,1,1.3
20,17,1,1.6
20,18,1,1.0
20,19,1,2.5
20,20,1,2.4
20,21,1,2.6
20,22,1,3.9
20,23,1,3.2
20,24,1,2.3
21,1,1,1.1
21,2,1,2.7
21,3,1,3.5
21,4,1,0.5
21,5,1,1.0
21,6,1,1.7
21,7,1,0.4
21,8,1,0.3
21,9,1,2.9
21,10,1,0.1
21,11,1,2.0
21,12,1,3.1
21,13,1,2.1
21,14,1,1.3
21,15,1,2.2
21,16,1,1.6
21,17,1,0.8
21,18,1,1.5
21,19,1,1.2
21,20,1,4.0
21,21,1,3.4
21,22,1,3.8
21,23,1,2.7
21,24,1,3.4
22,1,1,1.7
22,2,1,0.2
22,3,1,1.8
22,4,1,3.1
22,5,1,3.3
22,6,1,2.3
22,7,1,0.8
22,8,1,3.5
22,9,1,0.3
22,10,1,1.4
22,11,1,3.9
22,12,1,2.5
22,13,1,2.8
22,14,1,2.9
22,15,1,1.2
22,16,1,2.7
22,17,1,0.8
22,18,1,1.9
22,19,1,0.4
22,20,1,3.9
22,21,1,0.5
22,22,1,3.2
22,23,1,1.2
22,24,1,1.6
23,1,1,3.7
23,2,1,2.5
23,3,1,3.9
23,4,1,2.2
23,5,1,4.0
23,6,1,2.5
23,7,1,2.1
23,8,1,3.3
23,9,1,0.4
23,10,1,0.3
23,11,1,0.5
23,12,1,1.3
23,13,1,0.3
23,14,1,1.8
23,15,1,3.6
23,16,1,2.8
23,17,1,0.1
23,18,1,3.8
23,19,1,0.7
23,20,1,2.6
23,21,1,3.6
23,22,1,2.5
23,23,1,4.0
23,24,1,3.5
24,1,1,1.9
24,2,1,1.9
24,3,1,0.2
24,4,1,3.0
24,5,1,1.4
24,6,1,3.6
24,7,1,0.2
24,8,1,0.8
24,9,1,0.0
24,10,1,2.9
24,11,1,1.4
24,12,1,3.4
24,13,1,0.9
24,14,1,3.3
24,15,1,3.0
24,16,1,3.6
24,17,1,3.4
24,18,1,2.9
24,19,1,3.1
24,20,1,1.5
24,21,1,1.0
24,22,1,3.0
24,23,1,0.1
24,24,1,2.4
25,1,1,0.1
25,2,1,3.7
25,3,1,2.8
25,4,1,0.1
25,5,1,3.2
25,6,1,1.8
25,7,1,0.9
25,8,1,1.6
25,9,1,3.3
25,10,1,2.1
25,11,1,0.8
25,12,1,2.5
25,13,1,1.4
25,14,1,0.4
25,15,1,1.0
25,16,1,0.1
25,17,1,3.2
25,18,1,2.3
25,19,1,3.1
25,20,1,1.3
25,21,1,2.6
25,22,1,2.2
25,23,1,0.9
25,24,1,3.0
26,1,1,0.8
26,2,1,1.3
26,3,1,1.0
26,4,1,0.5
26,5,1,2.3
26,6,1,1.7
26,7,1,0.5
26,8,1,0.1
26,9,1,1.3
26,10,1,2.5
26,11,1,0.1
26,12,1,2.9
26,13,1,1.7
26,14,1,0.6
26,15,1,1.9
26,16,1,0.8
26,17,1,2.2
26,18,1,3.5
26,19,1,3.0
26,20,1,2.0
26,21,1,3.8
26,22,1,0.7
26,23,1,1.6
26,24,1,0.0
27,1,1,1.7
27,2,1,2.3
27,3,1,0.9
27,4,1,3.3
27,5,1,1.5
27,6,1,1.6
27,7,1,0.4
27,8,1,1.5
27,9,1,2.1
27,10,1,0.5
27,11,1,3.0
27,12,1,0.2
27,13,1,1.8
27,14,1,3.8
27,15,1,0.5
27,16,1,1.0
27,17,1,0.3
27,18,1,3.5
27,19,1,1.6
27,20,1,2.3
27,21,1,2.0
27,22,1,2.9
27,23,1,0.2
27,24,1,2.9
28,1,1,3.7
28,2,1,3.8
28,3,1,0.4
28,4,1,1.7
28,5,1,1.8
28,6,1,4.0
28,7,1,0.0
28,8,1,2.3
28,9,1,1.5
28,10,1,2.2
28,11,1,0.7
28,12,1,1.1
28,13,1,2.4
28,14,1,1.6
28,15,1,2.9
28,16,1,1.3
28,17,1,1.7
28,18,1,2.1
28,19,1,2.1
28,20,1,1.6
28,21,1,0.4
28,22,1,2.8
28,23,1,0.7
28,24,1,3.5
29,1,1,1.4
29,2,1,3.4
29,3,1,2.2
29,4,1,1.3
29,5,1,2.7
29,6,1,1.4
29,7,1,1.2
29,8,1,3.5
29,9,1,3.0
29,10,1,0.1
29,11,1,3.9
29,12,1,2.8
29,13,1,2.8
29,14,1,3.3
29,15,1,2.4
29,16,1,2.7
29,17,1,0.9
29,18,1,1.8
29,19,1,3.5
29,20,1,0.8
29,21,1,3.9
29,22,1,2.6
29,23,1,0.3
29,24,1,1.2
30,1,1,1.5
30,2,1,2.4
30,3,1,2.0
30,4,1,3.6
30,5,1,1.0
30,6,1,1.1
30,7,1,1.0
30,8,1,1.6
30,9,1,2.2
30,10,1,0.3
30,11,1,2.9
30,12,1,0.8
30,13,1,1.3
30,14,1,0.5
30,15,1,2.9
30,16,1,1.9
30,17,1,1.5
30,18,1,1.5
30,19,1,1.2
30,20,1,2.1
30,21,1,3.0
30,22,1,3.5
30,23,1,3.7
30,24,1,0.5
1,1,2,2.4
1,2,2,2.1
1,3,2,0.5
1,4,2,4.0
1,5,2,3.4
1,6,2,3.6
1,7,2,1.9
1,8,2,0.9
1,9,2,4.0
1,10,2,3.5
1,11,2,0.5
1,12,2,0.2
1,13,2,0.0
1,14,2,3.4
1,15,2,3.7
1,16,2,1.3
1,17,2,3.2
1,18,2,3.3
1,19,2,2.4
1,20,2,2.0
1,21,2,3.1
1,22,2,3.5
1,23,2,2.4
1,24,2,3.1
2,1,2,2.0
2,2,2,2.9
2,3,2,1.5
2,4,2,3.0
2,5,2,0.9
2,6,2,3.9
2,7,2,0.9
2,8,2,1.0
2,9,2,0.0
2,10,2,2.1
2,11,2,2.0
2,12,2,0.8
2,13,2,3.7
2,14,2,0.9
2,15,2,0.2
2,16,2,1.3
2,17,2,3.8
2,18,2,3.5
2,19,2,0.2
2,20,2,3.6
2,21,2,0.3
2,22,2,2.0
2,23,2,3.3
2,24,2,0.6
3,1,2,2.8
3,2,2,2.0
3,3,2,2.4
3,4,2,1.4
3,5,2,3.3
3,6,2,3.2
3,7,2,1.6
3,8,2,0.9
3,9,2,2.7
3,10,2,1.6
3,11,2,2.0
3,12,2,0.8
3,13,2,0.8
3,14,2,2.5
3,15,2,0.6
3,16,2,0.7
3,17,2,1.6
3,18,2,1.2
3,19,2,0.1
3,20,2,2.2
3,21,2,2.1
3,22,2,3.0
3,23,2,2.0
3,24,2,3.3
4,1,2,3.0
4,2,2,1.0
4,3,2,1.1
4,4,2,1.4
4,5,2,3.3
4,6,2,3.5
4,7,2,1.8
4,8,2,2.1
4,9,2,2.4
4,10,2,2.2
4,11,2,2.2
4,12,2,2.5
4,13,2,2.8
4,14,2,2.6
4,15,2,1.0
4,16,2,1.5
4,17,2,2.6
4,18,2,2.3
4,19,2,2.4
4,20,2,1.2
4,21,2,0.3
4,22,2,2.9
4,23,2,1.3
4,24,2,2.4
5,1,2,0.6
5,2,2,3.7
5,3,2,1.7
5,4,2,3.4
5,5,2,2.9
5,6,2,3.2
5,7,2,2.8
5,8,2,1.9
5,9,2,3.0
5,10,2,2.4
5,11,2,2.7
5,12,2,1.7
5,13,2,1.0
5,14,2,0.0
5,15,2,0.4
5,16,2,1.4
5,17,2,1.2
5,18,2,3.7
5,19,2,0.7
5,20,2,1.2
5,21,2,3.2
5,22,2,0.3
5,23,2,2.8
5,24,2,2.6
6,1,2,2.4
6,2,2,0.9
6,3,2,0.8
6,4,2,3.9
6,5,2,0.1
6,6,2,2.7
6,7,2,0.9
6,8,2,2.2
6,9,2,1.2
6,10,2,0.9
6,11,2,3.8
6,12,2,2.3
6,13,2,0.1
6,14,2,0.8
6,15,2,2.7
6,16,2,3.8
6,17,2,2.1
6,18,2,0.6
6,19,2,0.9
6,20,2,3.8
6,21,2,3.3
6,22,2,2.7
6,23,2,0.8
6,24,2,1.2
7,1,2,2.4
7,2,2,3.2
7,3,2,1.7
7,4,2,1.1
7,5,2,0.7
7,6,2,1.1
7,7,2,0.5
7,8,2,3.2
7,9,2,0.5
7,10,2,2.6
7,11,2,3.7
7,12,2,2.9
7,13,2,0.4
7,14,2,2.0
7,15,2,3.2
7,16,2,0.7
7,17,2,0.5
7,18,2,2.3
7,19,2,2.4
7,20,2,4.0
7,21,2,2.1
7,22,2,2.5
7,23,2,2.6
7,24,2,1.0
8,1,2,0.7
8,2,2,3.8
8,3,2,2.4
8,4,2,3.6
8,5,2,2.8
8,6,2,1.1
8,7,2,2.1
8,8,2,3.1
8,9,2,1.1
8,10,2,3.6
8,11,2,2.0
8,12,2,2.4
8,13,2,3.9
8,14,2,3.2
8,15,2,0.5
8,16,2,0.9
8,17,2,0.9
8,18,2,1.7
8,19,2,2.5
8,20,2,3.8
8,21,2,3.4
8,22,2,4.0
8,23,2,1.3
8,24,2,3.9
9,1,2,4.0
9,2,2,4.0
9,3,2,0.3
9,4,2,2.3
9,5,2,1.4
9,6,2,1.2
9,7,2,3.0
9,8,2,0.0
9,9,2,0.8
9,10,2,2.3
9,11,2,4.0
9,12,2,0.2
9,13,2,2.4
9,14,2,2.9
9,15,2,3.8
9,16,2,1.1
9,17,2,3.8
9,18,2,2.7
9,19,2,2.4
9,20,2,1.3
9,21,2,1.0
9,22,2,0.1
9,23,2,2.6
9,24,2,3.4
10,1,2,3.1
10,2,2,0.3
10,3,2,2.0
10,4,2,0.0
10,5,2,0.9
10,6,2,1.6
10,7,2,0.6
10,8,2,3.4
10,9,2,0.7
10,10,2,2.1
10,11,2,3.9
10,12,2,0.4
10,13,2,0.3
10,14,2,2.4
10,15,2,3.9
10,16,2,1.1
10,17,2,3.7
10,18,2,3.5
10,19,2,0.9
10,20,2,1.3
10,21,2,1.2
10,22,2,3.1
10,23,2,0.0
10,24,2,2.5
11,1,2,0.1
11,2,2,2.8
11,3,2,0.3
11,4,2,0.8
11,5,2,0.1
11,6,2,4.0
11,7,2,3.9
11,8,2,3.0
11,9,2,0.0
11,10,2,3.7
11,11,2,3.6
11,12,2,3.6
11,13,2,1.5
11,14,2,2.9
11,15,2,3.7
11,16,2,1.9
11,17,2,3.2
11,18,2,3.8
11,19,2,0.5
11,20,2,1.2
11,21,2,0.0
11,22,2,3.2
11,23,2,0.9
11,24,2,0.1
12,1,2,0.7
12,2,2,4.0
12,3,2,1.9
12,4,2,3.7
12,5,2,0.9
12,6,2,2.7
12,7,2,2.2
12,8,2,0.2
12,9,2,1.8
12,10,2,0.6
12,11,2,0.5
12,12,2,3.8
12,13,2,0.2
12,14,2,4.0
12,15,2,1.2
12,16,2,2.3
12,17,2,0.7
12,18,2,1.0
12,19,2,3.1
12,20,2,0.7
12,21,2,1.6
12,22,2,0.8
12,23,2,3.7
12,24,2,3.3
13,1,2,0.8
13,2,2,3.0
13,3,2,0.8
13,4,2,0.3
13,5,2,0.0
13,6,2,1.5
13,7,2,1.8
13,8,2,3.6
13,9,2,1.3
13,10,2,3.2
13,11,2,2.5
13,12,2,2.0
13,13,2,0.1
13,14,2,3.8
13,15,2,0.9
13,16,2,3.9
13,17,2,2.1
13,18,2,1.7
13,19,2,3.8
13,20,2,1.0
13,21,2,0.3
13,22,2,3.7
13,23,2,2.1
13,24,2,0.1
14,1,2,3.5
14,2,2,0.4
14,3,2,3.4
14,4,2,3.4
14,5,2,0.7
14,6,2,3.6
14,7,2,2.1
14,8,2,3.5
14,9,2,2.4
14,10,2,3.1
14,11,2,0.3
14,12,2,2.7
14,13,2,2.1
14,14,2,1.1
14,15,2,1.3
14,16,2,0.6
14,17,2,3.6
14,18,2,2.8
14,19,2,4.0
14,20,2,3.5
14,21,2,2.8
14,22,2,0.3
14,23,2,2.0
14,24,2,1.4
15,1,2,1.9
15,2,2,3.0
15,3,2,0.0
15,4,2,3.5
15,5,2,0.0
15,6,2,0.4
15,7,2,2.8
15,8,2,2.2
15,9,2,1.4
15,10,2,2.6
15,11,2,0.8
15,12,2,3.3
15,13,2,2.8
15,14,2,1.8
15,15,2,2.7
15,16,2,0.8
15,17,2,3.7
15,18,2,3.9
15,19,2,0.9
15,20,2,0.8
15,21,2,1.7
15,22,2,2.0
15,23,2,0.1
15,24,2,0.3
16,1,2,2.6
16,2,2,2.5
16,3,2,1.9
16,4,2,0.1
16,5,2,3.3
16,6,2,3.6
16,7,2,0.1
16,8,2,0.9
16,9,2,3.8
16,10,2,0.2
16,11,2,0.5
16,12,2,3.9
16,13,2,1.0
16,14,2,1.6
16,15,2,2.8
16,16,2,3.9
16,17,2,0.8
16,18,2,0.6
16,19,2,1.9
16,20,2,1.5
16,21,2,1.7
16,22,2,0.1
16,23,2,3.5
16,24,2,1.6
17,1,2,0.1
17,2,2,0.5
17,3,2,1.8
17,4,2,1.9
17,5,2,3.6
17,6,2,1.3
17,7,2,0.7
17,8,2,1.5
17,9,2,1.4
17,10,2,1.1
17,11,2,1.5
17,12,2,3.1
17,13,2,0.0
17,14,2,2.7
17,15,2,2.5
17,16,2,3.3
17,17,2,0.6
17,18,2,0.8
17,19,2,4.0
17,20,2,0.8
17,21,2,0.7
17,22,2,3.5
17,23,2,3.4
17,24,2,0.0
18,1,2,3.9
18,2,2,0.2
18,3,2,1.6
18,4,2,2.7
18,5,2,3.9
18,6,2,0.1
18,7,2,2.8
18,8,2,1.8
18,9,2,3.6
18,10,2,1.3
18,11,2,3.2
18,12,2,1.6
18,13,2,3.1
18,14,2,3.0
18,15,2,0.3
18,16,2,0.5
18,17,2,3.0
18,18,2,4.0
18,19,2,2.5
18,20,2,0.1
18,21,2,2.0
18,22,2,1.6
18,23,2,2.4
18,24,2,1.7
19,1,2,3.7
19,2,2,2.7
19,3,2,0.2
19,4,2,1.7
19,5,2,0.4
19,6,2,3.3
19,7,2,3.6
19,8,2,2.7
19,9,2,2.1
19,10,2,2.4
19,11,2,3.5
19,12,2,2.3
19,13,2,0.4
19,14,2,0.7
19,15,2,0.4
19,16,2,0.2
19,17,2,0.3
19,18,2,1.9
19,19,2,1.0
19,20,2,3.1
19,21,2,1.0
19,22,2,3.9
19,23,2,2.9
19,24,2,1.2
20,1,2,0.0
20,2,2,2.2
20,3,2,3.3
20,4,2,2.5
20,5,2,0.9
20,6,2,0.0
20,7,2,3.2
20,8,2,3.0
20,9,2,0.9
20,10,2,3.1
20,11,2,0.8
20,12,2,1.5
20,13,2,0.6
20,14,2,3.3
20,15,2,3.1
20,16,2,2.7
20,17,2,2.8
20,18,2,3.1
20,19,2,2.1
20,20,2,3.0
20,21,2,3.2
20,22,2,0.8
20,23,2,0.1
20,24,2,3.1
21,1,2,2.7
21,2,2,3.9
21,3,2,2.8
21,4,2,3.6
21,5,2,4.0
21,6,2,2.1
21,7,2,3.9
21,8,2,1.8
21,9,2,1.7
21,10,2,0.9
21,11,2,1.2
21,12,2,0.3
21,13,2,1.2
21,14,2,2.0
21,15,2,4.0
21,16,2,0.0
21,17,2,1.4
21,18,2,1.0
21,19,2,0.4
21,20,2,4.0
21,21,2,0.4
21,22,2,3.5
21,23,2,0.9
21,24,2,3.5
22,1,2,0.6
22,2,2,0.2
22,3,2,0.9
22,4,2,2.6
22,5,2,1.2
22,6,2,3.2
22,7,2,3.8
22,8,2,2.9
22,9,2,1.7
22,10,2,1.5
22,11,2,3.7
22,12,2,1.9
22,13,2,0.7
22,14,2,1.0
22,15,2,3.2
22,16,2,0.6
22,17,2,0.3
22,18,2,3.9
22,19,2,2.6
22,20,2,1.7
22,21,2,1.2
22,22,2,1.6
22,23,2,1.3
22,24,2,2.2
23,1,2,1.3
23,2,2,3.2
23,3,2,2.2
23,4,2,1.5
23,5,2,3.8
23,6,2,1.1
23,7,2,0.1
23,8,2,2.3
23,9,2,2.0
23,10,2,1.3
23,11,2,3.2
23,12,2,2.1
23,13,2,0.2
23,14,2,3.5
23,15,2,1.6
23,16,2,2.0
23,17,2,1.2
23,18,2,1.1
23,19,2,3.0
23,20,2,1.7
23,21,2,0.8
23,22,2,2.2
23,23,2,0.1
23,24,2,3.6
24,1,2,1.8
24,2,2,1.6
24,3,2,0.7
24,4,2,1.4
24,5,2,2.8
24,6,2,3.4
24,7,2,3.0
24,8,2,0.0
24,9,2,1.8
24,10,2,0.9
24,11,2,3.3
24,12,2,3.6
24,13,2,1.5
24,14,2,1.6
24,15,2,1.1
24,16,2,1.9
24,17,2,0.5
24,18,2,3.2
24,19,2,0.4
24,20,2,1.7
24,21,2,3.8
24,22,2,0.2
24,23,2,0.2
24,24,2,2.0
25,1,2,0.5
25,2,2,1.3
25,3,2,0.2
25,4,2,4.0
25,5,2,1.1
25,6,2,2.4
25,7,2,1.7
25,8,2,2.9
25,9,2,0.7
25,10,2,1.3
25,11,2,3.1
25,12,2,2.0
25,13,2,3.8
25,14,2,0.9
25,15,2,1.5
25,16,2,1.8
25,17,2,2.7
25,18,2,3.2
25,19,2,1.9
25,20,2,1.7
25,21,2,0.6
25,22,2,2.2
25,23,2,3.8
25,24,2,0.1
26,1,2,1.2
26,2,2,3.5
26,3,2,3.8
26,4,2,0.9
26,5,2,0.0
26,6,2,3.5
26,7,2,2.5
26,8,2,0.2
26,9,2,1.0
26,10,2,0.0
26,11,2,1.5
26,12,2,1.4
26,13,2,0.1
26,14,2,2.3
26,15,2,1.8
26,16,2,2.6
26,17,2,0.4
26,18,2,1.6
26,19,2,3.3
26,20,2,3.5
26,21,2,3.8
26,22,2,0.1
26,23,2,3.7
26,24,2,2.2
27,1,2,2.4
27,2,2,3.4
27,3,2,3.7
27,4,2,2.1
27,5,2,0.2
27,6,2,0.5
27,7,2,2.2
27,8,2,1.1
27,9,2,4.0
27,10,2,3.5
27,11,2,3.8
27,12,2,3.5
27,13,2,3.2
27,14,2,2.2
27,15,2,1.6
27,16,2,0.2
27,17,2,1.3
27,18,2,0.0
27,19,2,2.6
27,20,2,1.8
27,21,2,2.1
27,22,2,1.8
27,23,2,2.5
27,24,2,0.8
28,1,2,3.0
28,2,2,1.0
28,3,2,3.6
28,4,2,2.1
28,5,2,0.0
28,6,2,0.0
28,7,2,3.2
28,8,2,2.3
28,9,2,3.4
28,10,2,3.3
28,11,2,1.7
28,12,2,0.5
28,13,2,3.5
28,14,2,0.6
28,15,2,3.2
28,16,2,2.6
28,17,2,1.1
28,18,2,1.1
28,19,2,1.3
28,20,2,0.1
28,21,2,2.5
28,22,2,3.1
28,23,2,0.9
28,24,2,2.6
29,1,2,2.4
29,2,2,3.6
29,3,2,3.8
29,4,2,4.0
29,5,2,1.4
29,6,2,0.1
29,7,2,2.2
29,8,2,0.6
29,9,2,2.2
29,10,2,1.8
29,11,2,3.7
29,12,2,3.2
29,13,2,2.3
29,14,2,3.5
29,15,2,0.5
29,16,2,2.5
29,17,2,1.7
29,18,2,0.3
29,19,2,3.7
29,20,2,4.0
29,21,2,3.1
29,22,2,3.3
29,23,2,3.4
29,24,2,3.6
30,1,2,2.1
30,2,2,0.8
30,3,2,1.2
30,4,2,1.5
30,5,2,1.1
30,6,2,2.0
30,7,2,2.7
30,8,2,0.5
30,9,2,1.4
30,10,2,1.1
30,11,2,0.8
30,12,2,0.3
30,13,2,1.8
30,14,2,1.7
30,15,2,3.3
30,16,2,0.5
30,17,2,3.5
30,18,2,1.2
30,19,2,2.2
30,20,2,0.7
30,21,2,1.1
30,22,2,1.8
30,23,2,2.3
30,24,2,2.7
1,1,3,0.5
1,2,3,2.6
1,3,3,0.9
1,4,3,3.0
1,5,3,3.9
1,6,3,1.1
1,7,3,0.3
1,8,3,3.0
1,9,3,0.7
1,10,3,0.6
1,11,3,0.1
1,12,3,2.9
1,13,3,2.3
1,14,3,2.6
1,15,3,1.9
1,16,3,3.1
1,17,3,1.8
1,18,3,2.8
1,19,3,3.2
1,20,3,1.6
1,21,3,2.1
1,22,3,4.0
1,23,3,1.6
1,24,3,2.2
2,1,3,1.1
2,2,3,1.7
2,3,3,0.4
2,4,3,1.8
2,5,3,3.5
2,6,3,1.9
2,7,3,1.9
2,8,3,2.8
2,9,3,2.0
2,10,3,0.6
2,11,3,2.3
2,12,3,1.3
2,13,3,1.4
2,14,3,2.4
2,15,3,3.5
2,16,3,1.8
2,17,3,3.9
2,18,3,0.3
2,19,3,3.8
2,20,3,2.9
2,21,3,1.1
2,22,3,3.0
2,23,3,2.9
2,24,3,3.2
3,1,3,1.4
3,2,3,2.6
3,3,3,2.9
3,4,3,1.3
3,5,3,3.0
3,6,3,2.3
3,7,3,0.3
3,8,3,4.0
3,9,3,2.5
3,10,3,3.3
3,11,3,3.6
3,12,3,2.0
3,13,3,0.3
3,14,3,0.8
3,15,3,2.3
3,16,3,0.8
3,17,3,3.9
3,18,3,3.1
3,19,3,3.0
3,20,3,2.3
3,21,3,0.0
3,22,3,2.1
3,23,3,2.8
3,24,3,1.7
4,1,3,2.3
4,2,3,2.2
4,3,3,2.7
4,4,3,2.4
4,5,3,3.7
4,6,3,3.5
4,7,3,0.4
4,8,3,2.7
4,9,3,2.6
4,10,3,0.2
4,11,3,2.5
4,12,3,0.2
4,13,3,3.6
4,14,3,3.4
4,15,3,1.7
4,16,3,0.2
4,17,3,0.9
4,18,3,2.9
4,19,3,0.0
4,20,3,2.6
4,21,3,0.8
4,22,3,0.7
4,23,3,0.3
4,24,3,3.9
5,1,3,1.8
5,2,3,1.5
5,3,3,0.0
5,4,3,4.0
5,5,3,0.4
5,6,3,0.9
5,7,3,3.5
5,8,3,3.1
5,9,3,2.1
5,10,3,1.6
5,11,3,1.7
5,12,3,0.0
5,13,3,1.4
5,14,3,1.7
5,15,3,3.3
5,16,3,0.8
5,17,3,1.3
5,18,3,0.7
5,19,3,2.2
5,20,3,0.4
5,21,3,1.9
5,22,3,3.7
5,23,3,0.6
5,24,3,2.0
6,1,3,1.9
6,2,3,1.7
6,3,3,2.0
6,4,3,2.7
6,5,3,0.9
6,6,3,3.8
6,7,3,2.8
6,8,3,3.3
6,9,3,1.7
6,10,3,3.3
6,11,3,2.6
6,12,3,3.6
6,13,3,1.3
6,14,3,4.0
6,15,3,1.8
6,16,3,2.9
6,17,3,3.4
6,18,3,2.1
6,19,3,0.1
6,20,3,3.5
6,21,3,0.7
6,22,3,3.1
6,23,3,2.3
6,24,3,2.0
7,1,3,0.9
7,2,3,3.0
7,3,3,2.5
7,4,3,3.5
7,5,3,3.9
7,6,3,3.2
7,7,3,2.9
7,8,3,3.0
7,9,3,3.6
7,10,3,2.2
7,11,3,2.1
7,12,3,3.6
7,13,3,4.0
7,14,3,0.4
7,15,3,0.8
7,16,3,0.9
7,17,3,1.3
7,18,3,1.7
7,19,3,0.8
7,20,3,2.0
7,21,3,1.6
7,22,3,0.0
7,23,3,3.1
7,24,3,3.3
8,1,3,3.8
8,2,3,1.1
8,3,3,1.9
8,4,3,0.8
8,5,3,3.4
8,6,3,0.0
8,7,3,3.8
8,8,3,2.2
8,9,3,3.3
8,10,3,1.0
8,11,3,1.7
8,12,3,0.8
8,13,3,1.3
8,14,3,1.5
8,15,3,3.5
8,16,3,3.9
8,17,3,1.1
8,18,3,2.5
8,19,3,0.6
8,20,3,3.5
8,21,3,2.8
8,22,3,3.4
8,23,3,2.3
8,24,3,2.1
9,1,3,3.6
9,2,3,0.9
9,3,3,0.1
9,4,3,1.0
9,5,3,0.0
9,6,3,0.1
9,7,3,2.8
9,8,3,0.9
9,9,3,2.7
9,10,3,0.6
9,11,3,2.5
9,12,3,2.2
9,13,3,2.6
9,14,3,1.6
9,15,3,2.3
9,16,3,0.0
9,17,3,1.2
9,18,3,2.1
9,19,3,0.1
9,20,3,3.7
9,21,3,2.7
9,22,3,1.5
9,23,3,0.2
9,24,3,1.3
10,1,3,2.2
10,2,3,2.1
10,3,3,1.3
10,4,3,3.9
10,5,3,0.0
10,6,3,1.3
10,7,3,2.5
10,8,3,3.9
10,9,3,3.8
10,10,3,1.9
10,11,3,3.8
10,12,3,3.2
10,13,3,2.9
10,14,3,0.5
10,15,3,2.3
10,16,3,0.7
10,17,3,0.1
10,18,3,4.0
10,19,3,3.4
10,20,3,3.3
10,21,3,3.4
10,22,3,0.3
10,23,3,2.6
10,24,3,0.6
11,1,3,1.6
11,2,3,1.1
11,3,3,3.2
11,4,3,1.1
11,5,3,3.6
11,6,3,3.6
11,7,3,3.3
11,8,3,2.2
11,9,3,1.1
11,10,3,0.2
11,11,3,1.5
11,12,3,3.0
11,13,3,1.7
11,14,3,3.2
11,15,3,2.7
11,16,3,2.8
11,17,3,0.7
11,18,3,0.9
11,19,3,1.5
11,20,3,2.3
11,21,3,1.7
11,22,3,3.8
11,23,3,2.9
11,24,3,2.5
12,1,3,0.1
12,2,3,1.2
12,3,3,0.3
12,4,3,0.0
12,5,3,3.2
12,6,3,3.7
12,7,3,4.0
12,8,3,2.0
12,9,3,0.5
12,10,3,1.5
12,11,3,4.0
12,12,3,0.4
12,13,3,1.3
12,14,3,0.0
12,15,3,1.9
12,16,3,2.8
12,17,3,2.2
12,18,3,2.9
12,19,3,3.3
12,20,3,3.8
12,21,3,2.0
12,22,3,3.9
12,23,3,1.4
12,24,3,1.6
13,1,3,0.4
13,2,3,3.5
13,3,3,1.8
13,4,3,2.3
13,5,3,1.1
13,6,3,0.2
13,7,3,1.8
13,8,3,1.2
13,9,3,3.6
13,10,3,0.4
13,11,3,3.9
13,12,3,0.8
13,13,3,2.0
13,14,3,2.8
13,15,3,2.4
13,16,3,3.4
13,17,3,1.7
13,18,3,0.5
13,19,3,0.3
13,20,3,3.3
13,21,3,0.2
13,22,3,3.9
13,23,3,2.1
13,24,3,0.0
14,1,3,1.4
14,2,3,4.0
14,3,3,2.1
14,4,3,1.4
14,5,3,0.6
14,6,3,3.5
14,7,3,0.6
14,8,3,2.7
14,9,3,3.4
14,10,3,0.4
14,11,3,4.0
14,12,3,1.3
14,13,3,0.9
14,14,3,2.5
14,15,3,2.4
14,16,3,2.6
14,17,3,0.2
14,18,3,0.4
14,19,3,2.9
14,20,3,1.2
14,21,3,2.9
14,22,3,3.2
14,23,3,0.6
14,24,3,1.5
15,1,3,1.3
15,2,3,2.1
15,3,3,3.9
15,4,3,3.0
15,5,3,2.2
15,6,3,0.9
15,7,3,0.6
15,8,3,0.8
15,9,3,0.7
15,10,3,3.2
15,11,3,1.5
15,12,3,1.2
15,13,3,1.2
15,14,3,0.6
15,15,3,1.2
15,16,3,0.1
15,17,3,1.2
15,18,3,1.0
15,19,3,1.2
15,20,3,2.4
15,21,3,0.1
15,22,3,0.8
15,23,3,0.0
15,24,3,1.4
16,1,3,1.3
16,2,3,1.9
16,3,3,0.0
16,4,3,1.1
16,5,3,4.0
16,6,3,3.9
16,7,3,0.8
16,8,3,0.9
16,9,3,3.5
16,10,3,2.7
16,11,3,3.8
16,12,3,1.8
16,13,3,2.6
16,14,3,3.2
16,15,3,3.8
16,16,3,1.9
16,17,3,2.8
16,18,3,0.6
16,19,3,2.8
16,20,3,2.9
16,21,3,2.6
16,22,3,3.7
16,23,3,3.2
16,24,3,2.9
17,1,3,1.4
17,2,3,4.0
17,3,3,0.2
17,4,3,1.9
17,5,3,1.8
17,6,3,0.8
17,7,3,3.0
17,8,3,3.7
17,9,3,0.9
17,10,3,2.3
17,11,3,3.5
17,12,3,1.6
17,13,3,0.3
17,14,3,2.9
17,15,3,2.6
17,16,3,1.9
17,17,3,0.9
17,18,3,1.9
17,19,3,2.5
17,20,3,0.8
17,21,3,2.9
17,22,3,0.8
17,23,3,2.0
17,24,3,1.3
18,1,3,1.7
18,2,3,3.8
18,3,3,0.6
18,4,3,1.1
18,5,3,2.9
18,6,3,3.5
18,7,3,3.4
18,8,3,1.2
18,9,3,1.8
18,10,3,3.5
18,11,3,0.5
18,12,3,1.4
18,13,3,1.3
18,14,3,0.6
18,15,3,2.3
18,16,3,0.5
18,17,3,2.3
18,18,3,1.9
18,19,3,3.5
18,20,3,0.3
18,21,3,1.4
18,22,3,1.0
18,23,3,3.8
18,24,3,0.1
19,1,3,0.2
19,2,3,1.1
19,3,3,3.9
19,4,3,2.2
19,5,3,1.1
19,6,3,2.9
19,7,3,0.0
19,8,3,1.2
19,9,3,0.7
19,10,3,2.2
19,11,3,0.6
19,12,3,3.8
19,13,3,4.0
19,14,3,4.0
19,15,3,2.9
19,16,3,0.5
19,17,3,1.0
19,18,3,3.1
19,19,3,0.7
19,20,3,1.3
19,21,3,1.7
19,22,3,2.6
19,23,3,1.0
19,24,3,2.0
20,1,3,4.0
20,2,3,3.2
20,3,3,3.5
20,4,3,1.1
20,5,3,2.6
20,6,3,0.0
20,7,3,3.8
20,8,3,2.0
20,9,3,1.6
20,10,3,1.4
20,11,3,3.2
20,12,3,1.0
20,13,3,0.8
20,14,3,1.5
20,15,3,0.4
20,16,3,0.6
20,17,3,3.1
20,18,3,3.1
20,19,3,1.9
20,20,3,2.4
20,21,3,0.6
20,22,3,2.6
20,23,3,1.1
20,24,3,1.7
21,1,3,3.3
21,2,3,3.1
21,3,3,1.8
21,4,3,2.8
21,5,3,3.8
21,6,3,2.3
21,7,3,1.5
21,8,3,1.6
21,9,3,2.4
21,10,3,0.1
21,11,3,4.0
21,12,3,0.8
21,13,3,3.2
21,14,3,3.3
21,15,3,2.3
21,16,3,0.2
21,17,3,2.3
21,18,3,3.0
21,19,3,0.7
21,20,3,2.4
21,21,3,0.8
21,22,3,3.7
21,23,3,2.4
21,24,3,3.2
22,1,3,2.8
22,2,3,0.3
22,3,3,2.3
22,4,3,1.0
22,5,3,3.6
22,6,3,0.5
22,7,3,1.5
22,8,3,2.5
22,9,3,3.3
22,10,3,1.5
22,11,3,2.7
22,12,3,3.8
22,13,3,1.0
22,14,3,0.9
22,15,3,1.1
22,16,3,0.8
22,17,3,2.4
22,18,3,0.0
22,19,3,1.2
22,20,3,0.9
22,21,3,2.6
22,22,3,1.0
22,23,3,2.8
22,24,3,1.8
23,1,3,2.0
23,2,3,3.8
23,3,3,0.9
23,4,3,0.3
23,5,3,1.1
23,6,3,0.0
23,7,3,3.8
23,8,3,1.4
23,9,3,1.9
23,10,3,3.0
23,11,3,1.6
23,12,3,0.9
23,13,3,0.0
23,14,3,2.8
23,15,3,0.7
23,16,3,1.1
23,17,3,0.2
23,18,3,3.8
23,19,3,3.0
23,20,3,1.0
23,21,3,0.5
23,22,3,0.8
23,23,3,1.5
23,24,3,0.2
24,1,3,3.2
24,2,3,0.2
24,3,3,2.2
24,4,3,0.9
24,5,3,0.0
24,6,3,0.9
24,7,3,0.9
24,8,3,1.3
24,9,3,0.9
24,10,3,0.5
24,11,3,3.4
24,12,3,2.2
24,13,3,0.7
24,14,3,4.0
24,15,3,3.7
24,16,3,0.5
24,17,3,0.3
24,18,3,0.3
24,19,3,1.3
24,20,3,2.1
24,21,3,2.5
24,22,3,1.5
24,23,3,0.8
24,24,3,3.0
25,1,3,3.0
25,2,3,1.8
25,3,3,3.5
25,4,3,3.6
25,5,3,2.8
25,6,3,3.6
25,7,3,3.1
25,8,3,3.5
25,9,3,0.6
25,10,3,2.7
25,11,3,2.1
25,12,3,1.0
25,13,3,2.3
25,14,3,1.1
25,15,3,0.7
25,16,3,2.8
25,17,3,3.1
25,18,3,0.2
25,19,3,0.2
25,20,3,0.2
25,21,3,4.0
25,22,3,0.1
25,23,3,2.3
25,24,3,3.1
26,1,3,0.8
26,2,3,1.6
26,3,3,3.2
26,4,3,0.4
26,5,3,1.0
26,6,3,3.7
26,7,3,0.6
26,8,3,3.2
26,9,3,0.9
26,10,3,3.8
26,11,3,3.7
26,12,3,1.0
26,13,3,0.6
26,14,3,2.9
26,15,3,3.1
26,16,3,0.7
26,17,3,1.2
26,18,3,1.1
26,19,3,1.8
26,20,3,1.4
26,21,3,0.9
26,22,3,2.3
26,23,3,3.7
26,24,3,3.8
27,1,3,2.9
27,2,3,1.6
27,3,3,1.5
27,4,3,0.7
27,5,3,0.5
27,6,3,1.9
27,7,3,4.0
27,8,3,3.1
27,9,3,0.5
27,10,3,0.6
27,11,3,1.4
27,12,3,1.8
27,13,3,2.1
27,14,3,3.7
27,15,3,2.6
27,16,3,1.1
27,17,3,3.1
27,18,3,0.2
27,19,3,0.7
27,20,3,0.2
27,21,3,0.4
27,22,3,2.8
27,23,3,1.5
27,24,3,2.0
28,1,3,1.4
28,2,3,3.5
28,3,3,3.6
28,4,3,1.7
28,5,3,2.9
28,6,3,2.7
28,7,3,1.3
28,8,3,0.0
28,9,3,3.5
28,10,3,0.3
28,11,3,1.7
28,12,3,1.8
28,13,3,2.3
28,14,3,2.8
28,15,3,1.3
28,16,3,0.9
28,17,3,0.5
28,18,3,3.6
28,19,3,2.9
28,20,3,0.9
28,21,3,3.7
28,22,3,3.3
28,23,3,0.3
28,24,3,0.1
29,1,3,1.4
29,2,3,0.3
29,3,3,0.5
29,4,3,0.0
29,5,3,0.6
29,6,3,1.7
29,7,3,3.8
29,8,3,2.9
29,9,3,3.0
29,10,3,0.7
29,11,3,0.8
29,12,3,0.5
29,13,3,2.7
29,14,3,1.8
29,15,3,2.1
29,16,3,1.1
29,17,3,2.0
29,18,3,2.9
29,19,3,3.1
29,20,3,3.3
29,21,3,0.8
29,22,3,3.6
29,23,3,2.3
29,24,3,2.4
30,1,3,3.4
30,2,3,3.3
30,3,3,3.1
30,4,3,0.9
30,5,3,0.9
30,6,3,2.0
30,7,3,2.5
30,8,3,2.0
30,9,3,3.0
30,10,3,1.5
30,11,3,1.5
30,12,3,0.9
30,13,3,2.6
30,14,3,3.4
30,15,3,2.6
30,16,3,4.0
30,17,3,1.3
30,18,3,0.5
30,19,3,3.8
30,20,3,0.6
30,21,3,2.3
30,22,3,0.4
30,23,3,2.8
30,24,3,3.1
1,1,4,2.2
1,2,4,3.5
1,3,4,0.3
1,4,4,1.9
1,5,4,4.0
1,6,4,3.6
1,7,4,1.5
1,8,4,2.5
1,9,4,3.2
1,10,4,2.2
1,11,4,3.8
1,12,4,1.2
1,13,4,1.7
1,14,4,0.1
1,15,4,0.2
1,16,4,3.9
1,17,4,3.7
1,18,4,2.0
1,19,4,3.2
1,20,4,3.0
1,21,4,1.4
1,22,4,4.0
1,23,4,2.0
1,24,4,1.9
2,1,4,2.5
2,2,4,3.0
2,3,4,2.7
2,4,4,2.2
2,5,4,0.9
2,6,4,1.5
2,7,4,1.3
2,8,4,0.6
2,9,4,1.9
2,10,4,4.0
2,11,4,3.8
2,12,4,3.3
2,13,4,1.9
2,14,4,1.1
2,15,4,0.9
2,16,4,1.6
2,17,4,3.0
2,18,4,1.5
2,19,4,3.7
2,20,4,2.7
2,21,4,2.3
2,22,4,3.7
2,23,4,2.7
2,24,4,0.8
3,1,4,0.9
3,2,4,2.1
3,3,4,0.1
3,4,4,3.2
3,5,4,3.2
3,6,4,3.8
3,7,4,2.6
3,8,4,0.0
3,9,4,0.9
3,10,4,2.4
3,11,4,1.3
3,12,4,1.9
3,13,4,0.5
3,14,4,1.4
3,15,4,4.0
3,16,4,0.2
3,17,4,1.7
3,18,4,0.2
3,19,4,1.9
3,20,4,0.8
3,21,4,2.2
3,22,4,2.4
3,23,4,3.1
3,24,4,3.1
4,1,4,1.7
4,2,4,0.8
4,3,4,1.8
4,4,4,1.1
4,5,4,3.4
4,6,4,0.6
4,7,4,0.9
4,8,4,0.9
4,9,4,2.3
4,10,4,3.6
4,11,4,1.2
4,12,4,3.7
4,13,4,2.1
4,14,4,3.1
4,15,4,1.9
4,16,4,3.0
4,17,4,1.1
4,18,4,4.0
4,19,4,4.0
4,20,4,1.1
4,21,4,2.4
4,22,4,3.9
4,23,4,1.1
4,24,4,1.3
5,1,4,0.1
5,2,4,1.3
5,3,4,1.9
5,4,4,3.3
5,5,4,1.6
5,6,4,0.7
5,7,4,2.1
5,8,4,0.1
5,9,4,0.1
5,10,4,1.2
5,11,4,3.4
5,12,4,0.5
5,13,4,3.4
5,14,4,2.3
5,15,4,2.8
5,16,4,2.3
5,17,4,0.0
5,18,4,0.5
5,19,4,2.3
5,20,4,1.4
5,21,4,2.1
5,22,4,2.1
5,23,4,3.2
5,24,4,2.7
6,1,4,0.6
6,2,4,0.2
6,3,4,1.8
6,4,4,1.2
6,5,4,0.6
6,6,4,0.0
6,7,4,3.9
6,8,4,0.6
6,9,4,0.8
6,10,4,1.9
6,11,4,1.3
6,12,4,0.1
6,13,4,1.0
6,14,4,0.4
6,15,4,2.1
6,16,4,3.0
6,17,4,0.0
6,18,4,1.8
6,19,4,2.1
6,20,4,3.2
6,21,4,1.3
6,22,4,3.6
6,23,4,0.0
6,24,4,0.8
7,1,4,4.0
7,2,4,3.3
7,3,4,1.1
7,4,4,3.3
7,5,4,2.7
7,6,4,3.4
7,7,4,2.3
7,8,4,0.3
7,9,4,2.6
7,10,4,1.4
7,11,4,3.3
7,12,4,2.2
7,13,4,2.2
7,14,4,3.7
7,15,4,0.2
7,16,4,2.9
7,17,4,0.2
7,18,4,0.0
7,19,4,1.5
7,20,4,0.3
7,21,4,3.2
7,22,4,0.9
7,23,4,1.6
7,24,4,3.1
8,1,4,2.5
8,2,4,0.8
8,3,4,1.5
8,4,4,2.9
8,5,4,1.4
8,6,4,1.9
8,7,4,0.6
8,8,4,3.4
8,9,4,3.3
8,10,4,3.6
8,11,4,3.7
8,12,4,0.9
8,13,4,2.9
8,14,4,2.9
8,15,4,3.7
8,16,4,1.8
8,17,4,1.4
8,18,4,0.1
8,19,4,3.8
8,20,4,2.3
8,21,4,2.5
8,22,4,2.0
8,23,4,1.2
8,24,4,1.1
9,1,4,0.4
9,2,4,2.4
9,3,4,0.1
9,4,4,4.0
9,5,4,0.6
9,6,4,1.1
9,7,4,1.3
9,8,4,3.7
9,9,4,0.3
9,10,4,1.3
9,11,4,3.0
9,12,4,1.9
9,13,4,3.5
9,14,4,1.0
9,15,4,4.0
9,16,4,0.0
9,17,4,1.0
9,18,4,0.9
9,19,4,0.1
9,20,4,0.0
9,21,4,3.1
9,22,4,2.8
9,23,4,3.4
9,24,4,0.5
10,1,4,2.2
10,2,4,3.4
10,3,4,1.2
10,4,4,2.0
10,5,4,1.7
10,6,4,3.2
10,7,4,3.3
10,8,4,3.2
10,9,4,3.2
10,10,4,2.7
10,11,4,2.7
10,12,4,1.7
10,13,4,0.8
10,14,4,2.3
10,15,4,3.3
10,16,4,2.6
10,17,4,0.3
10,18,4,1.9
10,19,4,0.7
10,20,4,2.3
10,21,4,2.0
10,22,4,3.9
10,23,4,3.6
10,24,4,1.2
11,1,4,2.8
11,2,4,2.0
11,3,4,1.4
11,4,4,4.0
11,5,4,2.5
11,6,4,0.0
11,7,4,0.0
11,8,4,0.0
11,9,4,0.1
11,10,4,0.1
11,11,4,4.0
11,12,4,0.5
11,13,4,2.3
11,14,4,3.2
11,15,4,3.0
11,16,4,0.1
11,17,4,0.0
11,18,4,2.6
11,19,4,0.0
11,20,4,3.6
11,21,4,4.0
11,22,4,3.4
11,23,4,1.9
11,24,4,3.9
12,1,4,3.0
12,2,4,2.3
12,3,4,3.3
12,4,4,1.2
12,5,4,1.8
12,6,4,2.8
12,7,4,1.9
12,8,4,0.8
12,9,4,1.6
12,10,4,3.8
12,11,4,3.3
12,12,4,2.1
12,13,4,3.0
12,14,4,0.3
12,15,4,2.2
12,16,4,2.8
12,17,4,1.3
12,18,4,3.9
12,19,4,2.2
12,20,4,1.6
12,21,4,2.6
12,22,4,3.1
12,23,4,1.8
12,24,4,0.7
13,1,4,0.3
13,2,4,3.6
13,3,4,3.4
13,4,4,2.0
13,5,4,3.4
13,6,4,1.6
13,7,4,2.5
13,8,4,2.8
13,9,4,3.8
13,10,4,1.9
13,11,4,1.1
13,12,4,3.4
13,13,4,0.7
13,14,4,2.0
13,15,4,4.0
13,16,4,3.6
13,17,4,1.7
13,18,4,3.1
13,19,4,1.4
13,20,4,3.6
13,21,4,1.8
13,22,4,2.9
13,23,4,0.6
13,24,4,1.2
14,1,4,2.6
14,2,4,3.8
14,3,4,3.7
14,4,4,1.3
14,5,4,0.6
14,6,4,0.9
14,7,4,2.4
14,8,4,0.2
14,9,4,2.0
14,10,4,3.3
14,11,4,0.4
14,12,4,0.2
14,13,4,2.4
14,14,4,0.1
14,15,4,1.9
14,16,4,2.1
14,17,4,1.3
14,18,4,2.5
14,19,4,2.7
14,20,4,2.4
14,21,4,3.4
14,22,4,1.0
14,23,4,1.3
14,24,4,1.2
15,1,4,1.9
15,2,4,2.0
15,3,4,3.9
15,4,4,3.3
15,5,4,0.2
15,6,4,1.8
15,7,4,1.0
15,8,4,0.7
15,9,4,3.3
15,10,4,3.0
15,11,4,2.1
15,12,4,2.0
15,13,4,2.8
15,14,4,0.2
15,15,4,2.0
15,16,4,2.9
15,17,4,2.5
15,18,4,0.3
15,19,4,3.2
15,20,4,2.1
15,21,4,0.5
15,22,4,3.7
15,23,4,1.8
15,24,4,0.9
16,1,4,1.6
16,2,4,0.2
16,3,4,0.1
16,4,4,0.3
16,5,4,0.0
16,6,4,1.9
16,7,4,3.5
16,8,4,2.8
16,9,4,4.0
16,10,4,3.4
16,11,4,2.2
16,12,4,4.0
16,13,4,1.4
16,14,4,2.4
16,15,4,1.6
16,16,4,1.2
16,17,4,2.2
16,18,4,1.7
16,19,4,3.1
16,20,4,3.7
16,21,4,2.5
16,22,4,2.0
16,23,4,2.7
16,24,4,2.1
17,1,4,0.2
17,2,4,2.3
17,3,4,0.6
17,4,4,2.1
17,5,4,0.9
17,6,4,1.5
17,7,4,3.0
17,8,4,0.8
17,9,4,3.3
17,10,4,3.4
17,11,4,2.3
17,12,4,0.1
17,13,4,1.4
17,14,4,3.3
17,15,4,0.9
17,16,4,3.3
17,17,4,2.6
17,18,4,3.4
17,19,4,3.3
17,20,4,3.2
17,21,4,3.6
17,22,4,3.5
17,23,4,0.0
17,24,4,0.9
18,1,4,2.0
18,2,4,1.0
18,3,4,0.0
18,4,4,1.2
18,5,4,1.2
18,6,4,2.5
18,7,4,3.3
18,8,4,1.0
18,9,4,2.7
18,10,4,2.0
18,11,4,3.9
18,12,4,3.6
18,13,4,3.6
18,14,4,2.6
18,15,4,0.6
18,16,4,3.7
18,17,4,1.2
18,18,4,2.7
18,19,4,1.8
18,20,4,3.0
18,21,4,2.0
18,22,4,3.4
18,23,4,2.5
18,24,4,3.2
19,1,4,3.7
19,2,4,0.9
19,3,4,2.7
19,4,4,3.9
19,5,4,0.2
19,6,4,3.0
19,7,4,2.8
19,8,4,0.1
19,9,4,2.2
19,10,4,2.7
19,11,4,2.5
19,12,4,3.3
19,13,4,2.6
19,14,4,0.9
19,15,4,1.7
19,16,4,0.7
19,17,4,2.0
19,18,4,1.7
19,19,4,2.8
19,20,4,1.8
19,21,4,4.0
19,22,4,3.8
19,23,4,0.3
19,24,4,1.1
20,1,4,1.7
20,2,4,2.4
20,3,4,1.2
20,4,4,0.5
20,5,4,1.8
20,6,4,0.1
20,7,4,3.0
20,8,4,3.8
20,9,4,1.1
20,10,4,0.4
20,11,4,2.4
20,12,4,3.9
20,13,4,1.9
20,14,4,0.6
20,15,4,0.0
20,16,4,0.5
20,17,4,1.0
20,18,4,2.2
20,19,4,3.3
20,20,4,3.4
20,21,4,1.5
20,22,4,1.2
20,23,4,1.0
20,24,4,2.4
21,1,4,1.3
21,2,4,3.9
21,3,4,1.9
21,4,4,3.1
21,5,4,1.6
21,6,4,1.1
21,7,4,1.3
21,8,4,1.2
21,9,4,0.0
21,10,4,2.7
21,11,4,2.8
21,12,4,1.9
21,13,4,2.3
21,14,4,2.6
21,15,4,0.3
21,16,4,0.5
21,17,4,1.6
21,18,4,2.8
21,19,4,1.9
21,20,4,1.4
21,21,4,3.0
21,22,4,3.8
21,23,4,1.6
21,24,4,1.4
22,1,4,3.3
22,2,4,3.1
22,3,4,3.2
22,4,4,3.7
22,5,4,0.4
22,6,4,1.2
22,7,4,3.2
22,8,4,2.8
22,9,4,1.6
22,10,4,4.0
22,11,4,0.4
22,12,4,2.3
22,13,4,2.9
22,14,4,2.4
22,15,4,2.1
22,16,4,0.0
22,17,4,1.9
22,18,4,0.3
22,19,4,3.2
22,20,4,3.2
22,21,4,0.5
22,22,4,1.3
22,23,4,0.4
22,24,4,1.4
23,1,4,2.4
23,2,4,2.2
23,3,4,1.0
23,4,4,3.7
23,5,4,4.0
23,6,4,0.5
23,7,4,2.2
23,8,4,3.6
23,9,4,2.6
23,10,4,3.4
23,11,4,2.4
23,12,4,3.2
23,13,4,1.6
23,14,4,3.2
23,15,4,2.9
23,16,4,1.9
23,17,4,3.3
23,18,4,1.5
23,19,4,1.7
23,20,4,3.6
23,21,4,2.2
23,22,4,2.3
23,23,4,2.0
23,24,4,0.3
24,1,4,0.9
24,2,4,3.6
24,3,4,3.6
24,4,4,4.0
24,5,4,3.0
24,6,4,1.5
24,7,4,0.9
24,8,4,0.3
24,9,4,3.7
24,10,4,1.4
24,11,4,3.7
24,12,4,1.8
24,13,4,3.4
24,14,4,0.1
24,15,4,0.9
24,16,4,1.1
24,17,4,0.5
24,18,4,1.2
24,19,4,0.1
24,20,4,3.8
24,21,4,1.3
24,22,4,2.1
24,23,4,0.1
24,24,4,2.4
25,1,4,3.6
25,2,4,2.2
25,3,4,2.6
25,4,4,0.5
25,5,4,2.0
25,6,4,3.3
25,7,4,0.4
25,8,4,3.0
25,9,4,1.0
25,10,4,2.9
25,11,4,2.1
25,12,4,4.0
25,13,4,1.2
25,14,4,1.3
25,15,4,2.8
25,16,4,0.2
25,17,4,2.7
25,18,4,1.6
25,19,4,2.5
25,20,4,0.1
25,21,4,0.0
25,22,4,2.4
25,23,4,0.7
25,24,4,2.8
26,1,4,2.2
26,2,4,1.2
26,3,4,0.3
26,4,4,1.5
26,5,4,1.6
26,6,4,2.6
26,7,4,0.2
26,8,4,3.4
26,9,4,3.3
26,10,4,1.2
26,11,4,2.6
26,12,4,0.7
26,13,4,3.7
26,14,4,2.6
26,15,4,0.0
26,16,4,3.7
26,17,4,2.2
26,18,4,2.2
26,19,4,1.5
26,20,4,1.3
26,21,4,1.0
26,22,4,0.7
26,23,4,3.8
26,24,4,0.4
27,1,4,2.5
27,2,4,4.0
27,3,4,1.6
27,4,4,0.9
27,5,4,2.6
27,6,4,2.3
27,7,4,2.2
27,8,4,3.5
27,9,4,2.7
27,10,4,0.3
27,11,4,1.9
27,12,4,2.7
27,13,4,3.3
27,14,4,3.6
27,15,4,2.1
27,16,4,3.8
27,17,4,1.4
27,18,4,3.1
27,19,4,1.9
27,20,4,2.7
27,21,4,1.9
27,22,4,1.5
27,23,4,0.1
27,24,4,1.2
28,1,4,2.2
28,2,4,0.5
28,3,4,4.0
28,4,4,3.9
28,5,4,3.4
28,6,4,2.7
28,7,4,0.1
28,8,4,1.0
28,9,4,1.3
28,10,4,3.2
28,11,4,2.9
28,12,4,3.0
28,13,4,3.0
28,14,4,0.0
28,15,4,2.3
28,16,4,1.9
28,17,4,3.7
28,18,4,3.5
28,19,4,3.3
28,20,4,0.2
28,21,4,2.2
28,22,4,3.2
28,23,4,3.7
28,24,4,1.3
29,1,4,0.1
29,2,4,0.2
29,3,4,0.7
29,4,4,1.8
29,5,4,0.3
29,6,4,3.9
29,7,4,0.5
29,8,4,2.0
29,9,4,0.9
29,10,4,0.3
29,11,4,3.2
29,12,4,2.6
29,13,4,1.5
29,14,4,3.9
29,15,4,0.7
29,16,4,0.3
29,17,4,1.3
29,18,4,2.3
29,19,4,2.8
29,20,4,2.7
29,21,4,2.3
29,22,4,2.5
29,23,4,2.7
29,24,4,1.3
30,1,4,1.9
30,2,4,2.0
30,3,4,0.1
30,4,4,1.0
30,5,4,2.9
30,6,4,3.9
30,7,4,1.3
30,8,4,3.4
30,9,4,0.5
30,10,4,3.7
30,11,4,3.1
30,12,4,0.1
30,13,4,0.0
30,14,4,1.6
30,15,4,4.0
30,16,4,3.6
30,17,4,4.0
30,18,4,1.6
30,19,4,0.7
30,20,4,2.7
30,21,4,3.3
30,22,4,0.6
30,23,4,0.8
30,24,4,3.0
1,1,5,2.8
1,2,5,1.2
1,3,5,0.6
1,4,5,1.4
1,5,5,0.8
1,6,5,1.3
1,7,5,1.6
1,8,5,0.9
1,9,5,1.3
1,10,5,3.7
1,11,5,2.0
1,12,5,3.6
1,13,5,1.3
1,14,5,3.6
1,15,5,2.3
1,16,5,3.2
1,17,5,0.4
1,18,5,0.5
1,19,5,1.5
1,20,5,3.3
1,21,5,0.9
1,22,5,2.0
1,23,5,0.9
1,24,5,3.2
2,1,5,1.8
2,2,5,2.6
2,3,5,2.9
2,4,5,2.0
2,5,5,1.6
2,6,5,0.5
2,7,5,3.7
2,8,5,3.8
2,9,5,1.0
2,10,5,4.0
2,11,5,1.6
2,12,5,0.9
2,13,5,3.1
2,14,5,0.5
2,15,5,2.9
2,16,5,1.5
2,17,5,1.2
2,18,5,3.9
2,19,5,0.5
2,20,5,1.1
2,21,5,2.3
2,22,5,1.7
2,23,5,3.7
2,24,5,3.7
3,1,5,0.3
3,2,5,3.1
3,3,5,0.9
3,4,5,3.5
3,5,5,3.4
3,6,5,3.0
3,7,5,0.2
3,8,5,3.3
3,9,5,2.3
3,10,5,2.0
3,11,5,1.6
3,12,5,2.4
3,13,5,1.7
3,14,5,0.4
3,15,5,3.9
3,16,5,0.5
3,17,5,2.4
3,18,5,2.8
3,19,5,3.3
3,20,5,3.0
3,21,5,0.6
3,22,5,0.3
3,23,5,2.3
3,24,5,1.8
4,1,5,2.3
4,2,5,0.8
4,3,5,1.3
4,4,5,3.0
4,5,5,2.5
4,6,5,0.1
4,7,5,3.4
4,8,5,0.3
4,9,5,2.2
4,10,5,1.2
4,11,5,3.3
4,12,5,1.3
4,13,5,1.7
4,14,5,0.6
4,15,5,0.6
4,16,5,3.3
4,17,5,0.8
4,18,5,1.9
4,19,5,0.2
4,20,5,2.4
4,21,5,4.0
4,22,5,1.9
4,23,5,2.1
4,24,5,3.7
5,1,5,2.0
5,2,5,1.1
5,3,5,1.1
5,4,5,3.1
5,5,5,1.9
5,6,5,3.9
5,7,5,3.5
5,8,5,0.7
5,9,5,3.6
5,10,5,3.5
5,11,5,2.6
5,12,5,0.3
5,13,5,1.2
5,14,5,1.6
5,15,5,1.4
5,16,5,3.4
5,17,5,0.7
5,18,5,0.5
5,19,5,2.7
5,20,5,0.7
5,21,5,0.7
5,22,5,1.8
5,23,5,4.0
5,24,5,2.0
6,1,5,3.3
6,2,5,2.7
6,3,5,0.3
6,4,5,2.4
6,5,5,1.2
6,6,5,3.7
6,7,5,1.9
6,8,5,1.6
6,9,5,2.4
6,10,5,0.0
6,11,5,2.5
6,12,5,1.9
6,13,5,0.6
6,14,5,1.0
6,15,5,1.9
6,16,5,0.4
6,17,5,2.2
6,18,5,1.0
6,19,5,2.5
6,20,5,1.4
6,21,5,0.8
6,22,5,1.2
6,23,5,0.7
6,24,5,2.7
7,1,5,0.5
7,2,5,2.5
7,3,5,2.9
7,4,5,2.6
7,5,5,0.0
7,6,5,1.9
7,7,5,0.8
7,8,5,3.4
7,9,5,3.4
7,10,5,3.0
7,11,5,1.7
7,12,5,3.9
7,13,5,2.6
7,14,5,4.0
7,15,5,0.3
7,16,5,2.6
7,17,5,2.0
7,18,5,1.1
7,19,5,0.2
7,20,5,2.1
7,21,5,0.4
7,22,5,3.7
7,23,5,3.6
7,24,5,3.5
8,1,5,2.0
8,2,5,3.3
8,3,5,0.0
8,4,5,3.8
8,5,5,0.1
8,6,5,0.7
8,7,5,3.6
8,8,5,0.8
8,9,5,1.7
8,10,5,2.8
8,11,5,2.8
8,12,5,2.3
8,13,5,1.6
8,14,5,1.3
8,15,5,3.8
8,16,5,0.1
8,17,5,1.1
8,18,5,2.7
8,19,5,3.8
8,20,5,3.9
8,21,5,3.5
8,22,5,3.0
8,23,5,1.9
8,24,5,0.6
9,1,5,3.7
9,2,5,2.4
9,3,5,2.6
9,4,5,1.0
9,5,5,0.2
9,6,5,3.4
9,7,5,3.9
9,8,5,1.1
9,9,5,1.2
9,10,5,3.5
9,11,5,3.0
9,12,5,3.0
9,13,5,0.5
9,14,5,2.7
9,15,5,1.5
9,16,5,3.7
9,17,5,3.9
9,18,5,2.1
9,19,5,3.1
9,20,5,3.3
9,21,5,1.4
9,22,5,2.9
9,23,5,3.8
9,24,5,0.8
10,1,5,1.2
10,2,5,1.2
10,3,5,2.7
10,4,5,0.8
10,5,5,3.8
10,6,5,2.0
10,7,5,1.2
10,8,5,3.7
10,9,5,3.0
10,10,5,2.1
10,11,5,2.9
10,12,5,2.4
10,13,5,2.2
10,14,5,0.8
10,15,5,2.1
10,16,5,3.0
10,17,5,3.2
10,18,5,4.0
10,19,5,1.1
10,20,5,3.2
10,21,5,3.7
10,22,5,2.4
10,23,5,3.2
10,24,5,0.4
11,1,5,3.2
11,2,5,0.7
11,3,5,3.8
11,4,5,3.1
11,5,5,0.1
11,6,5,0.2
11,7,5,3.8
11,8,5,4.0
11,9,5,0.2
11,10,5,3.7
11,11,5,0.6
11,12,5,3.1
11,13,5,3.8
11,14,5,1.2
11,15,5,1.4
11,16,5,2.9
11,17,5,0.5
11,18,5,0.2
11,19,5,0.2
11,20,5,0.9
11,21,5,3.0
11,22,5,2.1
11,23,5,3.2
11,24,5,2.0
12,1,5,2.4
12,2,5,4.0
12,3,5,4.0
12,4,5,2.1
12,5,5,1.9
12,6,5,1.7
12,7,5,2.6
12,8,5,2.1
12,9,5,1.9
12,10,5,1.6
12,11,5,1.7
12,12,5,0.3
12,13,5,2.8
12,14,5,3.6
12,15,5,0.9
12,16,5,3.3
12,17,5,2.5
12,18,5,0.0
12,19,5,0.0
12,20,5,4.0
12,21,5,2.4
12,22,5,0.7
12,23,5,0.7
12,24,5,3.6
13,1,5,1.3
13,2,5,0.6
13,3,5,3.6
13,4,5,4.0
13,5,5,2.7
13,6,5,1.0
13,7,5,0.8
13,8,5,1.0
13,9,5,2.7
13,10,5,3.8
13,11,5,0.0
13,12,5,2.6
13,13,5,3.2
13,14,5,0.5
13,15,5,1.8
13,16,5,0.4
13,17,5,1.7
13,18,5,0.8
13,19,5,2.6
13,20,5,3.5
13,21,5,1.0
13,22,5,2.0
13,23,5,0.7
13,24,5,1.8
14,1,5,0.5
14,2,5,0.0
14,3,5,3.8
14,4,5,2.6
14,5,5,0.8
14,6,5,0.2
14,7,5,1.2
14,8,5,1.4
14,9,5,0.0
14,10,5,0.6
14,11,5,0.9
14,12,5,3.4
14,13,5,0.9
14,14,5,3.8
14,15,5,3.2
14,16,5,1.6
14,17,5,1.1
14,18,5,1.5
14,19,5,2.8
14,20,5,2.0
14,21,5,3.7
14,22,5,0.8
14,23,5,3.2
14,24,5,3.0
15,1,5,1.1
15,2,5,1.0
15,3,5,3.6
15,4,5,0.3
15,5,5,2.4
15,6,5,1.3
15,7,5,0.0
15,8,5,0.1
15,9,5,2.1
15,10,5,1.4
15,11,5,3.8
15,12,5,1.3
15,13,5,2.4
15,14,5,3.9
15,15,5,0.3
15,16,5,1.4
15,17,5,3.0
15,18,5,1.0
15,19,5,2.1
15,20,5,3.5
15,21,5,0.7
15,22,5,1.5
15,23,5,0.9
15,24,5,1.0
16,1,5,2.0
16,2,5,2.3
16,3,5,3.5
16,4,5,0.8
16,5,5,2.2
16,6,5,1.7
16,7,5,2.7
16,8,5,1.0
16,9,5,1.7
16,10,5,1.6
16,11,5,2.6
16,12,5,2.1
16,13,5,3.4
16,14,5,2.1
16,15,5,2.3
16,16,5,0.1
16,17,5,2.7
16,18,5,3.4
16,19,5,3.6
16,20,5,0.2
16,21,5,1.1
16,22,5,2.4
16,23,5,3.9
16,24,5,0.8
17,1,5,3.1
17,2,5,3.4
17,3,5,3.3
17,4,5,3.6
17,5,5,0.9
17,6,5,3.9
17,7,5,2.1
17,8,5,0.0
17,9,5,1.5
17,10,5,3.7
17,11,5,1.8
17,12,5,3.5
17,13,5,2.4
17,14,5,3.6
17,15,5,0.6
17,16,5,3.3
17,17,5,2.2
17,18,5,0.6
17,19,5,0.9
17,20,5,1.1
17,21,5,2.6
17,22,5,1.7
17,23,5,3.4
17,24,5,2.7
18,1,5,2.4
18,2,5,0.5
18,3,5,1.4
18,4,5,0.4
18,5,5,2.6
18,6,5,3.5
18,7,5,3.6
18,8,5,2.5
18,9,5,3.8
18,10,5,1.5
18,11,5,0.9
18,12,5,0.3
18,13,5,1.9
18,14,5,0.3
18,15,5,1.2
18,16,5,0.3
18,17,5,3.4
18,18,5,0.1
18,19,5,0.2
18,20,5,3.2
18,21,5,2.4
18,22,5,4.0
18,23,5,3.9
18,24,5,2.7
19,1,5,0.8
19,2,5,0.1
19,3,5,2.0
19,4,5,1.2
19,5,5,3.9
19,6,5,3.8
19,7,5,1.2
19,8,5,1.3
19,9,5,3.0
19,10,5,3.1
19,11,5,1.6
19,12,5,0.8
19,13,5,3.6
19,14,5,2.1
19,15,5,0.3
19,16,5,0.2
19,17,5,2.0
19,18,5,2.6
19,19,5,0.5
19,20,5,0.2
19,21,5,2.7
19,22,5,0.8
19,23,5,0.3
19,24,5,1.2
20,1,5,0.5
20,2,5,1.8
20,3,5,3.1
20,4,5,1.6
20,5,5,4.0
20,6,5,3.2
20,7,5,3.6
20,8,5,1.6
20,9,5,2.0
20,10,5,3.6
20,11,5,0.7
20,12,5,3.8
20,13,5,0.9
20,14,5,0.4
20,15,5,4.0
20,16,5,1.2
20,17,5,2.9
20,18,5,0.4
20,19,5,0.1
20,20,5,2.6
20,21,5,3.5
20,22,5,0.9
20,23,5,0.5
20,24,5,0.1
21,1,5,1.0
21,2,5,2.7
21,3,5,3.4
21,4,5,3.7
21,5,5,1.2
21,6,5,0.0
21,7,5,1.5
21,8,5,0.5
21,9,5,2.2
21,10,5,0.9
21,11,5,3.3
21,12,5,0.4
21,13,5,1.7
21,14,5,1.7
21,15,5,1.6
21,16,5,2.5
21,17,5,2.6
21,18,5,3.8
21,19,5,2.4
21,20,5,2.0
21,21,5,2.5
21,22,5,3.6
21,23,5,2.0
21,24,5,1.2
22,1,5,0.5
22,2,5,2.4
22,3,5,3.4
22,4,5,3.4
22,5,5,2.6
22,6,5,0.6
22,7,5,1.7
22,8,5,1.8
22,9,5,2.1
22,10,5,0.2
22,11,5,0.0
22,12,5,3.9
22,13,5,3.8
22,14,5,2.2
22,15,5,2.3
22,16,5,3.7
22,17,5,2.1
22,18,5,2.8
22,19,5,1.3
22,20,5,2.8
22,21,5,1.7
22,22,5,2.2
22,23,5,3.6
22,24,5,3.3
23,1,5,1.4
23,2,5,3.9
23,3,5,3.1
23,4,5,1.3
23,5,5,1.8
23,6,5,0.8
23,7,5,2.0
23,8,5,3.2
23,9,5,2.0
23,10,5,1.3
23,11,5,3.7
23,12,5,2.4
23,13,5,3.2
23,14,5,2.5
23,15,5,1.4
23,16,5,0.4
23,17,5,1.0
23,18,5,0.3
23,19,5,1.2
23,20,5,1.0
23,21,5,2.3
23,22,5,0.7
23,23,5,3.7
23,24,5,0.1
24,1,5,3.1
24,2,5,2.0
24,3,5,3.9
24,4,5,0.3
24,5,5,2.5
24,6,5,3.8
24,7,5,2.1
24,8,5,1.0
24,9,5,1.9
24,10,5,3.3
24,11,5,3.6
24,12,5,0.4
24,13,5,3.8
24,14,5,4.0
24,15,5,2.7
24,16,5,3.9
24,17,5,2.7
24,18,5,1.1
24,19,5,1.7
24,20,5,1.5
24,21,5,3.5
24,22,5,2.5
24,23,5,2.5
24,24,5,2.3
25,1,5,0.8
25,2,5,0.5
25,3,5,3.1
25,4,5,3.5
25,5,5,2.9
25,6,5,3.0
25,7,5,2.1
25,8,5,2.0
25,9,5,4.0
25,10,5,2.5
25,11,5,1.7
25,12,5,1.9
25,13,5,0.9
25,14,5,3.6
25,15,5,3.1
25,16,5,0.2
25,17,5,2.8
25,18,5,3.6
25,19,5,1.8
25,20,5,1.2
25,21,5,3.1
25,22,5,1.0
25,23,5,1.9
25,24,5,0.7
26,1,5,1.0
26,2,5,1.9
26,3,5,0.6
26,4,5,0.3
26,5,5,2.4
26,6,5,3.3
26,7,5,1.5
26,8,5,1.7
26,9,5,2.8
26,10,5,2.5
26,11,5,0.0
26,12,5,0.6
26,13,5,3.8
26,14,5,0.1
26,15,5,1.7
26,16,5,0.7
26,17,5,2.3
26,18,5,1.2
26,19,5,0.9
26,20,5,0.9
26,21,5,2.0
26,22,5,0.9
26,23,5,3.0
26,24,5,0.4
27,1,5,2.6
27,2,5,2.7
27,3,5,0.3
27,4,5,1.2
27,5,5,2.0
27,6,5,3.1
27,7,5,3.2
27,8,5,0.0
27,9,5,2.7
27,10,5,1.6
27,11,5,2.2
27,12,5,2.0
27,13,5,0.0
27,14,5,0.6
27,15,5,3.4
27,16,5,1.0
27,17,5,0.2
27,18,5,2.6
27,19,5,0.3
27,20,5,0.0
27,21,5,1.1
27,22,5,4.0
27,23,5,0.3
27,24,5,1.0
28,1,5,2.9
28,2,5,2.9
28,3,5,2.9
28,4,5,0.0
28,5,5,1.6
28,6,5,2.0
28,7,5,3.0
28,8,5,3.4
28,9,5,0.0
28,10,5,2.0
28,11,5,2.7
28,12,5,3.5
28,13,5,2.3
28,14,5,0.2
28,15,5,0.8
28,16,5,3.7
28,17,5,2.9
28,18,5,2.4
28,19,5,1.7
28,20,5,0.1
28,21,5,0.4
28,22,5,3.8
28,23,5,0.8
28,24,5,1.5
29,1,5,2.4
29,2,5,3.0
29,3,5,2.2
29,4,5,3.8
29,5,5,0.2
29,6,5,3.8
29,7,5,2.0
29,8,5,1.7
29,9,5,3.8
29,10,5,0.3
29,11,5,3.0
29,12,5,0.0
29,13,5,1.6
29,14,5,1.0
29,15,5,4.0
29,16,5,2.0
29,17,5,4.0
29,18,5,4.0
29,19,5,2.0
29,20,5,2.2
29,21,5,2.1
29,22,5,2.5
29,23,5,3.2
29,24,5,2.7
30,1,5,0.6
30,2,5,3.5
30,3,5,0.5
30,4,5,1.4
30,5,5,1.4
30,6,5,0.4
30,7,5,0.2
30,8,5,2.5
30,9,5,0.3
30,10,5,2.7
30,11,5,1.4
30,12,5,2.9
30,13,5,0.3
30,14,5,0.4
30,15,5,2.0
30,16,5,0.0
30,17,5,3.9
30,18,5,3.5
30,19,5,1.2
30,20,5,1.1
30,21,5,1.2
30,22,5,2.0
30,23,5,1.7
30,24,5,2.9
